     0/199     1.39G   0.05161   0.01434   0.01048   0.07642         2       640   0.03587    0.1625   0.02618  0.008406    0.1028   0.01859   0.01136
     1/199     1.39G   0.04748  0.008934  0.006316   0.06273         4       640   0.04063    0.2436   0.03677  0.006351    0.1049    0.0162  0.009729
     2/199      1.4G   0.04619  0.008504  0.006045   0.06074         2       640   0.04065    0.2436   0.03678  0.006354    0.1048   0.01621  0.009728
     3/199     1.39G   0.04808  0.006913  0.004989   0.05998         4       640   0.02985   0.07906   0.01191  0.002372    0.1146   0.01345  0.006996
     4/199     1.39G   0.04721  0.006534  0.004143   0.05789         4       640    0.6014  0.005556  0.003252  0.001015    0.1155   0.01172   0.01766
     5/199     1.39G    0.0463  0.006447  0.003741   0.05649         5       640   0.01296    0.3043  0.006427  0.001098    0.1109   0.01329    0.0165
     6/199     1.39G   0.04652  0.006473  0.004057   0.05705         2       640   0.03488    0.2821   0.03271  0.007801    0.1037   0.01748     0.011
     7/199     1.39G   0.04618  0.008292  0.002975   0.05744         5       640   0.05323    0.3077   0.04286   0.01516    0.0979   0.01933   0.01428
     8/199     1.39G   0.04306  0.008181  0.002134   0.05338         2       640   0.08522    0.3205   0.06738   0.02598   0.09738   0.01902   0.01471
     9/199     1.39G   0.04236  0.008675  0.002713   0.05375         2       640    0.6627    0.2436     0.137   0.08519   0.09544   0.01817   0.01419
    10/199     1.39G   0.03871   0.00932  0.001467    0.0495         3       640    0.7629    0.2051      0.22    0.1722   0.09303   0.01877   0.01532
    11/199     1.39G   0.03931  0.009276   0.00161   0.05019         8       640    0.6923    0.4088    0.2175    0.1497     0.091   0.01877    0.0151
    12/199     1.39G   0.03775  0.009303  0.001602   0.04865         8       640    0.6845    0.3974    0.1729   0.08461   0.09181   0.01819   0.01516
    13/199      1.4G   0.03427   0.00909  0.001221   0.04458         2       640    0.6504    0.3974    0.1606    0.1242   0.08919   0.01853   0.01452
    14/199     1.39G   0.03355  0.009443 0.0009816   0.04398         4       640     0.675    0.4103    0.2031    0.1523   0.08491   0.01939   0.01155
    15/199     1.39G    0.0333  0.009959 0.0008692   0.04413         4       640    0.6819    0.4487    0.2149    0.1508   0.08583   0.01892   0.01108
    16/199     1.39G   0.03282  0.009604 0.0006324   0.04305         5       640    0.6765    0.4615    0.2142    0.1357   0.08425   0.01915   0.01067
    17/199     1.39G   0.02995  0.009529 0.0006316   0.04011         2       640    0.6778    0.4615     0.229     0.161   0.08385   0.01883   0.01032
    18/199     1.39G   0.03047   0.01026 0.0008591   0.04159         5       640    0.6781    0.4615    0.2214    0.1642   0.08267    0.0183   0.01029
    19/199     1.39G   0.03036  0.009425  0.000449   0.04024         2       640    0.1935    0.5667    0.2306    0.1657   0.08199    0.0185  0.009452
    20/199     1.39G   0.02986  0.009875 0.0005863   0.04032         2       640    0.3382    0.5192    0.2516    0.1659   0.08094   0.01856  0.009328
    21/199     1.39G   0.02819    0.0101 0.0004386   0.03873         3       640    0.2168    0.7222    0.2876    0.1937   0.07913   0.01823  0.009981
    22/199     1.39G   0.03019   0.01009 0.0008279    0.0411         8       640    0.3053    0.6333    0.3529    0.2328   0.07831   0.01812  0.009927
    23/199     1.39G    0.0282  0.009715 0.0005057   0.03842         8       640    0.3149    0.6776    0.3604     0.198   0.07925   0.01782  0.009687
    24/199     1.39G   0.02774  0.009299 0.0006415   0.03768         2       640    0.3649    0.7205    0.4068    0.2351   0.07622   0.01775  0.009232
    25/199      1.4G   0.02673  0.009197 0.0004513   0.03638         2       640    0.4589    0.7483    0.4462    0.2438   0.07606   0.01683  0.009218
    26/199     1.39G   0.02682  0.009005  0.000533   0.03635         4       640    0.4552    0.7466    0.4522    0.2028    0.0764   0.01599  0.008948
    27/199     1.39G   0.02791  0.008796 0.0004351   0.03714         4       640    0.5004    0.8037    0.4905    0.1904    0.0779   0.01579  0.009626
    28/199     1.39G   0.02777   0.00865 0.0004153   0.03684         5       640    0.5547    0.8056    0.5723    0.3076   0.07433   0.01558  0.008606
    29/199     1.39G   0.02474  0.008156 0.0002749   0.03317         2       640    0.6308    0.8047    0.6423    0.3643   0.07214    0.0151  0.008586
    30/199     1.39G   0.02592  0.008603 0.0004494   0.03497         5       640    0.5209    0.8019    0.5518    0.2966    0.0731   0.01594  0.008664
    31/199     1.39G   0.02529  0.008081 0.0002768   0.03365         2       640    0.6523    0.8589     0.635    0.3441   0.07204   0.01512  0.008434
    32/199     1.39G   0.02586  0.008156 0.0004168   0.03444         2       640    0.6276    0.8983    0.6296     0.308    0.0735   0.01511  0.008596
    33/199     1.39G   0.02518  0.008103 0.0003639   0.03365         3       640    0.6709    0.8392    0.6437    0.3535   0.07077   0.01499  0.008343
    34/199     1.39G   0.02467  0.008187 0.0005506   0.03341         8       640    0.6468    0.8734    0.6262    0.3624   0.07136   0.01432  0.008923
    35/199     1.39G   0.02458  0.008001 0.0005176    0.0331         8       640    0.6646    0.8308    0.6836     0.385   0.07075   0.01473  0.008428
    36/199     1.39G   0.02373  0.007559 0.0004397   0.03173         2       640    0.6895    0.8375    0.6757    0.3782   0.07025    0.0148  0.008526
    37/199     1.39G   0.02381  0.008081 0.0003198   0.03221         2       640    0.6431    0.8415    0.6363    0.3415    0.0712    0.0138  0.008872
    38/199      1.4G   0.02297  0.007868 0.0003201   0.03116         2       640    0.6867    0.8582    0.6691    0.4014   0.06858   0.01405  0.008155
    39/199     1.39G   0.02306  0.007544 0.0004625   0.03107         4       640    0.6797    0.8852    0.6766    0.3762   0.07029   0.01371  0.007579
    40/199     1.39G   0.02275  0.007735 0.0002576   0.03074         4       640    0.6572    0.8738    0.6652    0.3558   0.07084   0.01367  0.007726
    41/199     1.39G   0.02285  0.007712 0.0002557   0.03082         5       640    0.6615    0.9153     0.665    0.3828   0.07059   0.01365  0.008247
    42/199      1.4G   0.02107  0.007542 0.0002993   0.02891         2       640     0.683     0.857     0.679    0.3612   0.07063   0.01354  0.008299
    43/199     1.39G    0.0222  0.007393 0.0004188   0.03001         4       640    0.7164    0.8363     0.705    0.4085   0.06988   0.01302  0.008217
    44/199     1.39G   0.02186  0.007536 0.0002226   0.02962         4       640    0.6915    0.8602    0.6861    0.3592   0.06944   0.01409  0.008145
    45/199     1.39G   0.02237  0.007327  0.000224   0.02992         5       640    0.6908    0.8735    0.7003    0.3958   0.07024    0.0141  0.008437
    46/199     1.39G   0.02079  0.007057 0.0001284   0.02798         2       640    0.6871    0.8547    0.6924    0.4073   0.07028   0.01348  0.008066
    47/199     1.39G   0.02111  0.007658 0.0003149   0.02908         5       640    0.6767    0.8613    0.6964    0.4146   0.06893   0.01358  0.008182
    48/199     1.39G   0.02122  0.007256 0.0001765   0.02865         2       640    0.7031    0.8876    0.7023    0.4143   0.06877   0.01372  0.008657
    49/199     1.39G   0.02312  0.007353 0.0002432   0.03071         2       640    0.7187    0.8852    0.7327    0.4386   0.06924    0.0137  0.008625
    50/199     1.39G   0.02161  0.007477 0.0002367   0.02933         3       640    0.7132    0.8915    0.7287    0.4163   0.06856   0.01355  0.008454
    51/199      1.4G   0.02082  0.007198 0.0002379   0.02825         2       640    0.7331    0.8604    0.7211    0.4293   0.06796   0.01322  0.007984
    52/199     1.39G   0.02068  0.006981  0.000404   0.02807         4       640    0.7302    0.8987    0.7119    0.4132   0.06915   0.01281  0.008748
    53/199     1.39G   0.02201  0.007089 0.0002109   0.02931         4       640    0.7528     0.879    0.7638    0.4763   0.06887   0.01272  0.008657
    54/199     1.39G   0.02184  0.007085 0.0002242   0.02915         5       640    0.7179    0.9152    0.7394    0.4397    0.0693   0.01283  0.009088
    55/199      1.4G   0.02058  0.006993 0.0002184    0.0278         2       640    0.7692    0.8874    0.8255    0.5128   0.06847   0.01286  0.008559
    56/199     1.39G   0.02046  0.006744 0.0003936    0.0276         4       640    0.7758    0.8792    0.7845    0.4904   0.06775   0.01299  0.008449
    57/199     1.39G   0.02089  0.006928 0.0002162   0.02804         4       640    0.8052     0.837    0.8496     0.532   0.06873    0.0129  0.008379
    58/199     1.39G   0.02066  0.006754 0.0002139   0.02762         5       640    0.8382    0.8724    0.8689    0.5574   0.06812   0.01279  0.008503
    59/199     1.39G   0.02088  0.006519 0.0001156   0.02751         2       640    0.7976    0.8961      0.84     0.551   0.06774   0.01252  0.007856
    60/199     1.39G   0.02134  0.007055 0.0003452   0.02874         5       640    0.8643    0.8758    0.8626    0.5728   0.06699   0.01273   0.00758
    61/199     1.39G   0.02073  0.006583 0.0001392   0.02745         2       640    0.8551    0.9282    0.8775    0.5832   0.06616   0.01282   0.00777
    62/199     1.39G   0.02194  0.006799 0.0001706   0.02891         2       640    0.8154    0.9084    0.8961    0.5994   0.06677   0.01277  0.007178
    63/199     1.39G   0.02101  0.006793 0.0001398   0.02794         3       640    0.8414     0.902    0.9249    0.6069   0.06689   0.01271  0.006523
    64/199      1.4G   0.02077  0.006472 0.0001821   0.02742         2       640    0.9881    0.8528    0.9521     0.633   0.06674   0.01239  0.006126
    65/199     1.39G   0.01997  0.006228 0.0003311   0.02653         4       640    0.9099    0.8598    0.9256    0.6296   0.06681   0.01182  0.006239
    66/199     1.39G   0.02069  0.006368 0.0001942   0.02725         4       640     0.892    0.8525    0.9189    0.6198   0.06724   0.01169  0.007305
    67/199     1.39G   0.01987  0.006246 0.0001727   0.02629         5       640    0.9472    0.8947    0.9482    0.6412   0.06716   0.01167  0.007786
    68/199     1.39G   0.01934  0.005919 7.707e-05   0.02534         2       640    0.9824    0.8676    0.9295    0.6357   0.06537   0.01175  0.007907
    69/199     1.39G   0.02078  0.006395 0.0002625   0.02743         5       640    0.9464    0.8542    0.9302    0.6463   0.06541     0.012  0.007307
    70/199     1.39G   0.02072  0.005966 0.0001355   0.02682         2       640    0.9599    0.8841    0.9616    0.6527   0.06558   0.01249  0.007347
    71/199     1.39G    0.0204   0.00614 0.0001068   0.02665         2       640    0.9717    0.8786     0.948    0.6244   0.06513   0.01238  0.007395
    72/199     1.39G   0.02051  0.006093  9.48e-05    0.0267         3       640    0.9424    0.9086    0.9508    0.6445   0.06511   0.01184  0.007444
    73/199     1.39G   0.02287  0.006337 0.0004516   0.02966         8       640    0.9823    0.9287    0.9769    0.6915   0.06509   0.01205  0.007066
    74/199     1.39G   0.02225  0.006079  0.000378    0.0287         8       640    0.9343    0.9374    0.9587    0.6684   0.06578   0.01217  0.007777
    75/199      1.4G   0.02031  0.005858 0.0001712   0.02634         2       640    0.9278    0.8906    0.9334    0.6576   0.06485   0.01167  0.007108
    76/199     1.39G    0.0195  0.005671 0.0003078   0.02547         4       640     0.974    0.8958    0.9441    0.6619    0.0643   0.01173  0.007387
    77/199      1.4G    0.0191  0.005537 0.0001581    0.0248         2       640    0.9663     0.897    0.9643    0.6608   0.06461    0.0118  0.007708
    78/199     1.39G   0.01851  0.005451 0.0002851   0.02424         4       640     0.988    0.8989    0.9653    0.6716   0.06459   0.01233  0.007579
    79/199     1.39G   0.01938  0.005723 0.0001852   0.02529         4       640    0.9727    0.8737      0.95     0.656    0.0653   0.01186  0.007438
    80/199     1.39G   0.01943  0.005596 0.0001812   0.02521         5       640    0.9706    0.9081    0.9517    0.6484   0.06516   0.01186  0.007359
    81/199     1.39G   0.01883  0.005408 7.919e-05   0.02431         2       640    0.9842    0.9081    0.9602    0.6471   0.06506   0.01185  0.007821
    82/199     1.39G      0.02  0.005774 0.0002783   0.02605         5       640    0.9719    0.9086    0.9613    0.6538   0.06525   0.01175  0.007914
    83/199     1.39G   0.01951   0.00548 0.0001165    0.0251         2       640    0.9397    0.9456    0.9722    0.6726   0.06457   0.01224  0.008306
    84/199      1.4G   0.01815  0.005461 0.0001707   0.02378         2       640    0.9682    0.8915    0.9549    0.6778   0.06469   0.01201  0.007807
    85/199     1.39G   0.01807  0.005214 0.0002992   0.02358         4       640    0.9757    0.8969    0.9733    0.6811   0.06414   0.01175  0.008074
    86/199     1.39G   0.01931  0.005443 0.0001825   0.02493         4       640    0.9227    0.9293    0.9592    0.6681   0.06497   0.01167  0.007978
    87/199     1.39G   0.01881  0.005374 0.0002089   0.02439         5       640    0.9699    0.9226     0.973    0.7017   0.06401   0.01194  0.008154
    88/199     1.39G   0.01822  0.005185 7.797e-05   0.02349         2       640    0.9687     0.932    0.9742     0.683   0.06372   0.01175  0.007543
    89/199     1.39G   0.01898  0.005534 0.0002598   0.02477         5       640    0.9881    0.8943    0.9658    0.6794   0.06273   0.01182  0.006376
    90/199     1.39G   0.01884  0.005177 0.0001152   0.02414         2       640     0.934    0.9449    0.9767    0.6765   0.06378   0.01202  0.006877
    91/199      1.4G   0.01778  0.005219 0.0001724   0.02317         2       640    0.9284    0.9538    0.9708    0.6862   0.06321    0.0122  0.006468
    92/199     1.39G   0.01752  0.005083 0.0002864   0.02289         4       640    0.9721    0.9208    0.9761    0.6658   0.06376   0.01197  0.006622
    93/199     1.39G   0.01821  0.005319 0.0001698    0.0237         4       640    0.9724    0.8748    0.9537    0.6733   0.06363   0.01239  0.006746
    94/199     1.39G    0.0175  0.005221 0.0002034   0.02292         5       640    0.9663    0.8842    0.9482    0.6674   0.06424   0.01186  0.007202
    95/199     1.39G   0.01698  0.004923 8.648e-05   0.02199         2       640    0.9822    0.9009    0.9618    0.6645   0.06416   0.01222  0.007523
    96/199     1.39G   0.01835  0.005307 0.0002543   0.02391         5       640    0.9746    0.9199    0.9715    0.6882   0.06341   0.01224  0.006786
    97/199     1.39G   0.01825  0.004979 0.0001143   0.02334         2       640    0.9195    0.9623     0.971    0.6789   0.06316   0.01219  0.006549
    98/199     1.39G   0.02033   0.00559 9.219e-05   0.02601         2       640    0.8928    0.9822    0.9671    0.6854   0.06368   0.01224  0.006305
    99/199     1.39G   0.01968  0.005545 7.756e-05    0.0253         3       640    0.9829    0.9348    0.9733    0.6838   0.06366   0.01197  0.006004
